0000000000000000000000000000000000000000000000000000000000000000000000000000000000000100000000000000000000000000000000000000
0000000000000000000000000000000000000000000000000000000000000000000000000000000000000100000000000000000000000000000000000000
0000000000000000000000000000000000000000000000000000000000000000000000000000000000000100000000000000000000000000000000000000
0000000000000000000000000000000000000000000000000000000000000000000000000000000000000100000000000000000000000000000000000000
0000000000000000000000000000000000000000000000000000000000000000000000000000000000000100000000000000000000000000000000000000
0000000000000000000000000000000000000000000000000000000000000000000000000000000000000100000000000000000000000000000000000000
1111111100000000000000000000000000000000000002000000000000000000000000000000000000000100000000000000000000000000000000000000
0000000000000000000000000000000000000000000000000000000000000000000050000000000000000100000000000000000000000000000000000000
0000000000000000000000000000000000000000000000300000000000000000000000000000000000000100000000000000000000000000000000000000
0000000000000000000000000000000000000000000000000000000000000000000000000000000000000100000000000000000000000000000000000000
0000000000000000000000000000000000000000000000000000000000000000000000000000000000000100000000000000000000000000000000000000
0000000000000000000000000000000000000000000000000000000000000500000000000000000000000100000000000000000000000000000000000000
0000000000000000000000000100000000000000000000000000000000000000000000000000000000000100000000000000000000000000000000000000
0000000000000000000000000000000000000000000000000000000000000000000000000000000000000100000000000000000000000000000000000000
0000000000000000000000000000000000000000000000000000000000000000000000000000000000000100000000000000000000000000000000000000
0000000000000000000000000000000000000000050000000000000000000000000000000000000000000100000000000000000000000000000000000000
0000000000000000000000000000000000000000000000000000000000005000000000000000000000000100000000000000000000000000000000000000
0000000000000000000000000000000000000000000000000000000000000000000050000000000000000100000000000000000000000000000000000000
0000000000000000000000000000000000000000000000050000000000000000000000000000000000000100000000000000000000000000000000000000
0000000000000000000000005000000000000000000000000000000000000000000000000000000000000100000000000000000000000000000000000000
0000000000000000000000000000000000000050000000000000000000000000000000000000000000000100000000000000000000000000000000000000
0000000000000000000000000000000000000000000000000000000000000001000000000000000000000100000000000000000000000000000000000000
0000000000000010000000000000000000000000000000030000000000000000000000000000000000000100000000000000000000000000000000000000
0000000000000000000000000000000000000000000000000000000000000000000000000000000000000100000000000000000000000000000000000000
0000000000000000300000000000000000000000000000000000000000000000000000000000000000000100000000000000000000000000000000000000
0000050000000000000000000000000000005000000000000000000000000000000000000000000000000100000000000000000000000000000000000000
0000000000000000000000000000000000000000000000000000000000000000000000000000000000000100000000000000000000000000000000000000
0000000000000000000000000000000000000000000000000200000000000000000000000000000000000100000000000000000000000000000000000000
0000000030000000000000200000000000000000000000000000000000000000000000000000000000000100000000000000000000000000000000000000
0000000000000000000000000000000000000000000000000000000000000000000000100000000000000100000000000000000000000000000000000000
0020000000000000000020000000000000000000000100000000000000000000000000000000000000000100000000000000000000000000000000000000
0000000000000000000000000000000000000000000000000000000000000000000000000000000000000100000000000000000000000000000000000000
0000000000000000000000000000003000000000000000000000000000000000000000000000000000000100000000000000000000000000000000000000
0000005000000000000000000000000000000000000000000000000000000000000000000000000000000100000000100000000000000000000000000000
0000000000000000200000000000000000000000000100000000000000000000000000000000000000000100000000000000000000000000000000000000
0000000000000000000000000000000000000000000000000000000500000000000000000000000000000100000000000000110000000000000000000000
0000000000000000000000000000000000000000000000000000000000000000000000000000000000000100000010000000000000000000000000000000
0000100000000000000000000000000000000000000000000000000000100000000000000000000000000100000000000000000000000000000000000000
0000000000000000000000000000000000000000000000000000000000000000000000000000000000000000000000000000000001000000000000000000
0000000000000000000011100000000000000000000000000001000000000001000000000000000000000000000000000000000000000000000000000000
0000000000000000000001000000000000000001000000000000000000000000000010000111111111111111111100000000000000020000141000000000
0000000000000000111110000000000000000000000000000000000000000000000000000000000000000000000000000000000000000000141000000000
0000000000000000000000000000000000000000000000000000000001000010000000000000000000000000000000000000000000000000010000000000